1 0 0
1 10 0
1 11 2
0 11 0
1 20 4
2 12 7
3 12 12
4 12 19
5 12 27
21 30 448
27 35 505
15 18 225
0 6 0
2 25 13
38 18 419
35 55 728
3 65 51
35 2 0
16 93 549
37 54 750
29 3 0
39 98 1201
8 48 134
12 52 252
35 73 885
8 17 70
8 10 0
17 88 581
39 22 460
25 88 830
16 53 389
26 80 798
0 97 0
9 12 76
33 69 821
29 26 459
29 9 0
37 94 1120
21 7 0
5 50 75
20 59 583
37 89 1064
10 69 233
38 76 970
31 52 668
18 72 559
7 90 186
35 58 763
6 46 89
37 45 657
13 27 199
6 92 158
0 76 0
26 47 577
28 13 357
29 53 647
10 56 203
14 82 422
40 45 683
8 44 126
2 76 39
2 52 27
22 34 475
21 94 784
5 24 42
31 66 777
39 38 616
23 13 354
36 19 415
38 61 818
17 73 513
29 93 937
30 0 0
1 34 8
4 5 0
23 7 0
40 8 0
6 2 0
27 38 532
20 58 583
31 32 513
29 18 401
38 40 628
39 24 479
38 48 704
34 23 445
9 47 153
37 30 528
7 40 98
2 100 51
6 68 122
35 34 553
12 36 204
40 100 1243
28 35 511
36 35 559
17 81 547
5 69 97
32 81 903
10 48 183
4 90 97
37 45 657
24 42 535
6 70 125
22 64 640
13 21 179
7 83 172
10 83 268
21 11 343
23 11 343
27 58 667
6 31 65
23 76 722
17 25 309
26 55 629
36 20 433
10 89 283
20 83 703
12 7 0
5 67 95
32 98 1047
40 67 903
30 82 883
32 64 775
0 78 0
36 66 847
12 91 366
29 17 386
2 31 16
14 94 464
19 94 710
4 28 35
22 64 640
29 71 778
29 74 807
28 96 945
16 39 333
36 27 487
26 95 889
23 11 343
36 71 883
10 6 0
12 54 258
32 71 823
21 100 815
33 84 953
19 86 672
22 14 365
40 28 523
32 24 455
2 52 27
2 36 19
25 57 630
0 77 0
29 47 604
26 4 0
26 17 382
31 75 839
13 33 218
30 90 943
25 60 655
23 96 837
37 100 1175
4 0 0
34 70 853
31 29 482
3 56 45
1 37 8
2 65 33
12 22 162
18 16 307
14 94 464
40 78 1023
25 32 480
38 33 552
4 62 69
22 2 0
1 45 10
31 39 560
38 22 457
5 0 0
13 52 283
37 47 676
16 73 469
4 79 85
0 5 0
25 20 405
7 3 0
7 99 200
1 25 5
6 73 128
29 87 894
21 55 574
24 32 475
24 6 0
32 24 455
34 42 615
35 53 710
23 31 458
14 60 345
38 94 1141
40 85 1083
22 67 651
21 88 752
8 92 222
39 95 1162
0 20 0
1 79 19
36 6 0
20 36 473
17 78 539
16 57 405
4 70 77
0 57 0
27 24 437
29 27 459
24 30 463
8 94 226
38 54 761
1 10 0
14 74 394
11 59 238
37 69 879
10 81 263
5 32 52
13 80 374
32 8 0
8 46 130
27 26 451
26 48 590
8 14 66
13 97 426
14 41 275
29 18 401
23 69 676
4 0 0
8 82 202
11 11 106
9 92 256
10 32 143
1 71 17
13 89 400
38 67 875
36 89 1045
31 50 653
17 30 335
24 20 403
18 74 568
2 73 37
16 75 477
32 59 727
0 74 0
33 40 590
31 6 0
10 6 0
29 3 0
18 94 658
40 53 763
36 2 0
3 12 12
7 32 84
38 97 1160
27 21 410
2 61 31
24 5 0
25 78 768
21 10 0
15 69 412
5 70 100
11 72 276
33 10 0
40 48 723
13 35 225
20 72 653
10 24 123
6 12 38
17 85 564
29 12 357
29 83 865
18 81 595
31 100 1040
0 11 0
26 99 915
33 31 508
8 2 0
19 4 0
20 37 473
18 49 451
27 48 599
12 84 348
2 13 7
15 37 292
21 2 0
7 37 91
4 97 103
7 54 123
19 71 596
4 22 29
6 77 134
28 5 0
17 87 573
31 65 761
23 54 596
8 73 182
40 24 483
30 49 628
40 73 963
19 2 0
38 2 0
29 64 734
4 75 81
20 48 533
30 26 463
40 6 0
33 95 1036
13 19 173
31 66 777
17 68 496
8 68 174
5 84 117
15 44 322
0 4 0
15 81 457
11 61 243
33 92 1019
3 10 0
25 26 443
7 28 77
19 96 719
9 30 117
4 68 75
5 6 0
13 88 400
23 88 791
17 98 624
30 68 778
35 58 763
19 59 539
31 45 606
12 50 246
21 2 0
38 8 0
7 75 158
1 4 0
0 92 0
15 65 397
16 53 389
12 22 162
22 44 530
35 91 1043
9 16 85
34 31 513
24 82 775
23 72 699
30 61 718
17 43 386
31 54 684
4 43 49
9 1 0
14 43 282
37 21 435
10 61 213
15 51 345
15 98 525
13 89 400
14 48 303
9 83 234
13 75 355
21 63 616
4 19 25
25 4 0
16 25 277
2 98 50
22 20 398
9 13 76
9 15 81
40 56 803
37 71 898
9 74 216
24 64 667
26 38 525
12 80 336
35 56 745
15 70 420
25 7 0
28 35 511
29 19 401
5 90 125
1 40 9
33 51 673
21 66 637
28 78 819
38 19 419
35 55 728
6 44 86
37 46 676
1 97 23
26 71 733
23 93 814
24 45 547
24 4 0
23 25 423
22 4 0
16 100 581
34 18 411
21 46 532
40 48 723
17 29 326
14 25 219
38 49 704
11 7 0
7 98 200
24 83 775
9 58 180
37 47 676
22 31 453
1 53 12
9 13 76
26 33 486
17 47 403
40 48 723
7 31 81
12 91 366
23 44 538
21 56 584
6 14 41
39 51 733
6 77 134
21 25 416
16 100 581
21 75 679
3 31 26
7 10 0
1 18 4
14 75 394
16 28 293
6 17 44
15 30 270
27 20 410
29 55 662
13 7 0
7 84 175
27 43 559
14 70 380
1 98 24
4 78 85
6 46 89
12 79 330
24 19 391
26 56 642
39 48 713
30 85 898
18 11 280
20 69 633
12 92 372
29 100 995
14 26 226
6 32 68
36 42 631
1 2 0
31 97 1009
26 22 421
27 45 572
9 92 256
13 83 381
15 96 517
21 71 658
7 100 203
39 55 772
19 80 643
23 51 573
21 4 0
8 52 142
40 24 483
1 43 10
16 1 0
18 38 406
20 48 533
34 1 0
17 77 530
39 38 616
12 48 240
26 4 0
33 21 425
18 18 316
31 9 0
21 18 385
14 40 275
29 8 0
21 41 500
13 23 186
14 3 0
28 27 455
22 25 420
23 95 826
19 8 0
13 14 160
3 78 62
30 13 358
31 78 870
29 36 531
21 94 784
27 47 586
18 60 505
10 84 273
25 14 368
37 3 0
38 14 381
2 61 31
1 54 13
23 42 527
31 20 420
17 78 539
38 50 723
28 64 721
24 58 631
32 25 455
35 95 1078
12 16 144
14 18 198
32 41 583
22 14 365
8 48 134
3 66 53
35 53 710
22 86 761
3 65 51
0 44 0
10 12 93
29 74 807
39 22 460
13 79 368
27 4 0
35 98 1113
27 84 842
19 92 700
9 47 153
24 57 619
32 79 887
8 11 58
38 11 343
39 33 557
34 79 921
9 27 108
9 67 198
11 23 139
32 94 1015
7 42 102
20 92 753
34 7 0
25 29 455
7 11 46
5 70 100
31 6 0
23 61 630
16 89 533
17 76 530
14 55 324
33 13 359
39 0 0
15 11 195
17 15 267
30 5 0
13 56 296
12 75 318
4 39 45
11 30 161
40 29 523
37 57 768
31 76 854
2 16 9
12 81 336
9 13 76
21 28 437
7 52 119
16 43 349
6 62 113
35 48 675
1 71 17
36 36 577
34 78 921
31 3 0
18 54 478
17 53 428
2 3 0
38 8 0
2 69 35
28 70 763
31 25 451
34 25 462
19 25 377
9 47 153
10 8 0
10 68 233
19 53 510
0 82 0
16 100 581
32 25 455
1 97 23
8 31 98
33 73 854
30 9 0
6 42 83
25 57 630
33 68 821
26 67 707
15 98 525
3 29 24
32 77 871
13 83 381
39 62 850
32 81 903
11 90 326
36 59 775
13 52 283
19 80 643
16 12 229
1 68 16
8 70 178
6 81 140
19 80 643
7 77 161
15 64 397
8 27 90
9 93 256
34 34 547
19 17 339
34 39 581
4 72 79
29 33 502
17 23 301
21 10 0
32 100 1063
18 62 514
34 75 887
19 72 605
9 51 162
10 55 198
25 98 893
15 91 495
5 57 82
10 77 253
6 36 74
28 1 0
35 78 938
10 27 128
36 46 667
7 91 186
4 44 51
27 82 829
18 18 316
7 64 140
9 10 0
12 62 282
32 99 1047
26 33 486
0 45 0
28 79 819
18 60 505
13 84 387
40 46 703
37 73 916
38 9 0
29 70 778
25 15 368
36 53 721
13 70 342
31 28 482
39 50 733
27 85 842
13 9 0
16 31 301
40 18 423
20 66 623
14 7 0
9 42 144
18 33 379
12 100 396
17 96 615
15 78 450
23 39 504
39 56 791
20 39 483
8 19 74
0 10 0
15 18 225
26 55 629
3 3 0
24 37 499
40 2 0
1 36 8
16 76 485
33 100 1085
40 8 0
23 9 0
25 32 480
26 76 772
4 8 0
36 63 811
18 56 487
27 55 640
14 87 436
17 34 352
14 22 212
38 77 970
29 31 488
2 82 42
35 1 0
35 59 763
11 65 254
35 77 920
27 5 0
27 75 775
36 78 955
24 28 451
22 42 519
6 55 101
22 94 805
39 100 1220
14 76 401
15 35 285
12 57 264
13 80 374
9 72 211
11 22 139
20 5 0
2 99 50
23 45 538
9 84 238
12 32 192
14 64 359
19 58 539
5 35 55
39 73 947
19 96 719
19 91 691
40 31 543
15 53 352
9 8 0
39 31 538
25 81 780
10 20 113
24 91 823
24 97 859
34 83 955
7 82 172
37 17 398
40 83 1063
27 75 775
13 4 0
30 81 868
4 47 53
10 95 298
17 37 360
5 57 82
4 37 43
27 69 734
28 6 0
6 43 83
17 82 556
19 21 358
30 12 358
28 18 399
34 28 496
38 85 1046
21 12 353
29 71 778
12 92 372
4 13 19
39 1 0
14 55 324
1 4 0
21 72 668
32 46 631
28 78 819
29 38 546
9 97 265
35 63 798
9 96 265
26 99 915
2 10 0
25 77 755
7 87 179
2 19 10
22 98 827
9 0 0
37 22 454
6 44 86
22 84 750
39 24 479
25 17 380
22 78 717
4 33 39
20 95 763
26 4 0
20 55 563
30 24 448
22 96 816
12 84 348
29 63 720
32 12 359
6 95 161
17 20 292
15 9 0
19 52 510
21 16 374
18 57 487
10 11 88
9 3 0
24 27 439
27 86 856
40 72 963
40 70 943
6 100 170
35 92 1060
19 79 634
4 43 49
10 67 228
37 53 731
23 77 722
31 27 467
6 24 56
35 92 1060
30 35 523
13 60 309
19 70 596
31 94 994
26 75 759
10 32 143
2 9 0
2 35 18
28 82 847
35 78 938
24 7 0
24 74 727
12 34 198
21 46 532
33 28 491
23 16 377
7 55 123
30 30 493
40 8 0
5 28 47
1 14 3
5 84 117
27 81 815
30 2 0
16 8 0
13 75 355
1 22 5
12 51 246
28 11 343
8 28 94
22 57 596
7 61 133
19 81 643
40 17 403
3 40 33
20 24 413
38 77 970
24 14 367
39 78 1006
37 14 380
22 43 519
13 71 342
8 96 230
35 99 1113
34 96 1074
25 95 868
0 1 0
9 76 220
36 89 1045
19 83 653
8 63 162
19 3 0
35 42 623
25 27 443
10 95 298
3 73 57
0 77 0
24 28 451
7 10 0
39 7 0
7 66 144
10 73 243
29 2 0
14 56 331
32 79 887
17 16 275
40 92 1163
35 92 1060
39 46 694
15 29 262
8 90 218
12 79 330
36 3 0
10 47 178
24 94 847
29 11 343
23 93 814
0 96 0
36 28 505
18 24 343
39 70 928
13 82 381
10 57 203
36 61 793
30 27 463
21 10 0
33 63 772
17 32 343
14 56 331
18 71 550
4 0 0
21 60 605
1 59 14
31 18 405
7 6 0
10 99 308
32 19 407
0 42 0
29 74 807
31 91 963
16 51 381
18 85 613
32 14 375
24 5 0
33 84 953
3 57 45
34 60 768
14 74 394
13 82 381
24 59 631
7 83 172
33 9 0
12 66 294
9 33 121
1 73 17
31 100 1040
12 94 378
31 7 0
5 45 67
39 12 362
4 97 103
20 26 423
1 77 18
11 66 260
5 43 65
29 38 546
21 89 752
19 6 0
25 37 505
36 99 1135
37 93 1101
